[Engine]
audioLatency = 0.000000
noteVisible = 3.000000
buttonsRight = true
debugView = false
greenLaneActiveR = 0.133333
greenLaneActiveG = 0.874510
greenLaneActiveB = 0.180392
greenLaneActiveA = 1.000000
greenLaneInactiveR = 0.059977
greenLaneInactiveG = 0.392157
greenLaneInactiveB = 0.083425
greenLaneInactiveA = 1.000000
blueLaneActiveR = 0.239216
blueLaneActiveG = 0.305882
blueLaneActiveB = 0.745098
blueLaneActiveA = 1.000000
blueLaneInactiveR = 0.126105
blueLaneInactiveG = 0.163666
blueLaneInactiveB = 0.392157
blueLaneInactiveA = 1.000000
redLaneActiveR = 0.823529
redLaneActiveG = 0.109804
redLaneActiveB = 0.109804
redLaneActiveA = 1.000000
greenScratchR = 0.133333
greenScratchG = 0.874510
greenScratchB = 0.180392
greenScratchA = 1.000000
blueScratchR = 0.239216
blueScratchG = 0.305882
blueScratchB = 0.745098
blueScratchA = 1.000000
euphoriaLaneActiveR = 1.000000
euphoriaLaneActiveG = 1.000000
euphoriaLaneActiveB = 1.000000
euphoriaLaneActiveA = 1.000000
euphoriaZoneActiveR = 1.000000
euphoriaZoneActiveG = 1.000000
euphoriaZoneActiveB = 1.000000
euphoriaZoneActiveA = 0.200000
