[Engine]
audioLatency = 0.280950
noteVisible = 1.000000
buttonsRight = false
debugView = true
pollRate = 300
greenLaneActiveR = 0.133333
greenLaneActiveG = 0.874510
greenLaneActiveB = 0.180392
greenLaneActiveA = 1.000000
greenLaneInactiveR = 0.059977
greenLaneInactiveG = 0.392157
greenLaneInactiveB = 0.083425
greenLaneInactiveA = 1.000000
blueLaneActiveR = 0.239216
blueLaneActiveG = 0.305882
blueLaneActiveB = 0.745098
blueLaneActiveA = 1.000000
blueLaneInactiveR = 0.126105
blueLaneInactiveG = 0.163666
blueLaneInactiveB = 0.392157
blueLaneInactiveA = 1.000000
redLaneActiveR = 0.823529
redLaneActiveG = 0.109804
redLaneActiveB = 0.109804
redLaneActiveA = 1.000000
greenScratchR = 0.133333
greenScratchG = 0.874510
greenScratchB = 0.180392
greenScratchA = 1.000000
blueScratchR = 0.239216
blueScratchG = 0.305882
blueScratchB = 0.745098
blueScratchA = 1.000000
euphoriaLaneActiveR = 1.000000
euphoriaLaneActiveG = 1.000000
euphoriaLaneActiveB = 1.000000
euphoriaLaneActiveA = 1.000000
euphoriaZoneActiveR = 1.000000
euphoriaZoneActiveG = 1.000000
euphoriaZoneActiveB = 1.000000
euphoriaZoneActiveA = 0.200000
fsCrossBaseGreenR = 0.133333
fsCrossBaseGreenG = 0.874510
fsCrossBaseGreenB = 0.180392
fsCrossBaseGreenA = 0.500000
fsCrossBaseBlueR = 0.239216
fsCrossBaseBlueG = 0.305882
fsCrossBaseBlueB = 0.745098
fsCrossBaseBlueA = 0.500000
