[Game Mappings]
KB_green = 74
KB_red = 75
KB_blue = 76
KB_euphoria = 69
KB_crossLeft = 65
KB_crossRight = 68
KB_scratchUp = 87
KB_scratchDown = 83
GP_green = 0
GP_red = 1
GP_blue = 2
GP_euphoria = 3
GP_sameAxisForCrossfade = true
GP_crossLeft = 17
GP_crossRight = 19
GP_sameAxisForScratch = true
GP_scratchUp = 15
GP_scratchDown = 15
MULT_0 = 1.000000
MULT_1 = 1.000000
MULT_2 = 1.000000
MULT_3 = 1.000000
MULT_4 = 1.000000
MULT_5 = 1.000000
MULT_6 = 512.000000
MULT_7 = 512.000000
DEAD_0 = 0.500000
DEAD_1 = 0.500000
DEAD_2 = 0.500000
DEAD_3 = 0.500000
DEAD_4 = 0.500000
DEAD_5 = 0.500000
DEAD_6 = 0.200000
DEAD_7 = 0.200000

[Menu Mappings]
KB_up = 265
KB_down = 264
KB_select = 257
KB_back = 256
GP_up = 10
GP_down = 12
GP_select = 0
GP_back = 1
