[Game Mappings]
KB_green = 74
KB_red = 75
KB_blue = 76
KB_euphoria = 69
KB_crossLeft = 65
KB_crossRight = 68
KB_scratchUp = 87
KB_scratchDown = 83
KB_menuUp = 265
KB_menuDown = 264
GP_green = 0
GP_red = 1
GP_blue = 2
GP_euphoria = 3
GP_sameAxisForCrossfade = true
GP_crossLeft = 17
GP_crossRight = 19
GP_sameAxisForScratch = true
GP_digitalScratch = false
GP_scratchUp = 15
GP_scratchDown = 15
GP_menuUp = 0
GP_menuDown = 0
MULT_0 = 1.000000
MULT_1 = 1.000000
MULT_2 = 1.000000
MULT_3 = 1.000000
MULT_4 = 1.000000
MULT_5 = 1.000000
MULT_6 = 512.000000
MULT_7 = 512.000000
MULT_8 = 1.000000
MULT_9 = 1.000000
DEAD_0 = 0.500000
DEAD_1 = 0.500000
DEAD_2 = 0.500000
DEAD_3 = 0.500000
DEAD_4 = 0.500000
DEAD_5 = 0.500000
DEAD_6 = 0.200000
DEAD_7 = 0.200000
DEAD_8 = 0.500000
DEAD_9 = 0.500000
